76.5317 75.9979 75.4679 74.9416 74.4193 73.9011 73.3869 72.8768 72.3711 71.8697 71.3727 70.8803 70.3925 69.9094 69.4311 68.9578 68.4894 68.0262 67.5682 67.1156 66.6683 66.2267 65.7906 65.3603 64.9359 64.5175 64.1052 63.6991 63.2994 62.9061 62.5193 62.1393 61.7661 61.3998 61.0406 60.6886 60.3438 60.0065 59.6768 59.3547 59.0405 58.7341 58.4358 58.1457 57.8638 57.5904 57.3255 57.0692 56.8216 56.583 56.3533 56.1327 55.9212 55.7191 55.5263 55.3431 55.1694 55.0054 54.8511 54.7067 54.5722 54.4476 54.3331 54.2288 54.1345 54.0505 53.9768 53.9134 53.8603 53.8176 53.7853 53.7634 53.7519 53.7508 53.7602 53.78 53.8103 53.8509 53.9019 53.9633 54.035 54.1169 54.2091 54.3115 54.4239 54.5465 54.679 54.8215 54.9738 55.1358 55.3076 55.4889 55.6798 55.8801 56.0896 56.3084 56.5363 56.7732 57.019 57.2735 
75.9979 75.4604 74.9266 74.3966 73.8705 73.3484 72.8304 72.3165 71.8069 71.3016 70.8007 70.3043 69.8125 69.3255 68.8432 68.3659 67.8936 67.4263 66.9643 66.5076 66.0563 65.6106 65.1705 64.7362 64.3078 63.8853 63.469 63.0589 62.6551 62.2578 61.8671 61.4831 61.106 60.7358 60.3727 60.0169 59.6683 59.3273 58.9938 58.6681 58.3502 58.0403 57.7385 57.4449 57.1596 56.8829 56.6147 56.3553 56.1046 55.863 55.6304 55.4069 55.1928 54.988 54.7928 54.6071 54.4311 54.265 54.1086 53.9623 53.8259 53.6997 53.5836 53.4778 53.3823 53.2971 53.2224 53.1581 53.1043 53.0609 53.0282 53.006 52.9943 52.9933 53.0028 53.0229 53.0535 53.0947 53.1465 53.2087 53.2814 53.3644 53.4579 53.5616 53.6757 53.7999 53.9342 54.0786 54.2329 54.3971 54.5712 54.7549 54.9482 55.1511 55.3634 55.5849 55.8157 56.0556 56.3044 56.5621 
75.4679 74.9266 74.389 73.8552 73.3253 72.7994 72.2775 71.7597 71.2462 70.7369 70.2321 69.7317 69.236 68.7449 68.2586 67.7773 67.3009 66.8296 66.3635 65.9027 65.4473 64.9975 64.5533 64.1149 63.6823 63.2558 62.8354 62.4212 62.0133 61.612 61.2173 60.8293 60.4481 60.074 59.7069 59.3472 58.9948 58.6499 58.3126 57.9831 57.6615 57.348 57.0426 56.7455 56.4568 56.1766 55.9052 55.6425 55.3887 55.144 54.9084 54.6821 54.4652 54.2577 54.0599 53.8717 53.6934 53.525 53.3665 53.2182 53.08 52.952 52.8343 52.727 52.6302 52.5439 52.4681 52.4028 52.3483 52.3043 52.2711 52.2486 52.2368 52.2357 52.2454 52.2657 52.2968 52.3386 52.3911 52.4542 52.5278 52.6121 52.7068 52.812 52.9276 53.0535 53.1897 53.3361 53.4925 53.6589 53.8353 54.0215 54.2174 54.4229 54.6379 54.8624 55.0961 55.339 55.591 55.8519 
74.9416 74.3966 73.8552 73.3176 72.7839 72.2541 71.7283 71.2066 70.6891 70.1759 69.667 69.1627 68.6629 68.1678 67.6774 67.1919 66.7114 66.236 65.7658 65.3009 64.8414 64.3874 63.939 63.4965 63.0597 62.629 62.2045 61.7861 61.3742 60.9687 60.5699 60.1778 59.7926 59.4144 59.0433 58.6796 58.3232 57.9744 57.6333 57.3 56.9746 56.6573 56.3483 56.0476 55.7553 55.4717 55.1969 54.9309 54.6739 54.426 54.1874 53.9581 53.7383 53.5281 53.3276 53.137 52.9562 52.7855 52.6249 52.4745 52.3343 52.2046 52.0853 51.9765 51.8783 51.7907 51.7138 51.6477 51.5923 51.5478 51.5141 51.4912 51.4792 51.4781 51.4879 51.5086 51.5401 51.5825 51.6357 51.6997 51.7745 51.8599 51.956 52.0627 52.1799 52.3076 52.4456 52.594 52.7526 52.9213 53.1 53.2887 53.4872 53.6955 53.9134 54.1408 54.3775 54.6236 54.8787 55.143 
74.4193 73.8705 73.3253 72.7839 72.2463 71.7125 71.1828 70.6571 70.1357 69.6184 69.1056 68.5972 68.0933 67.5941 67.0996 66.61 66.1254 65.6458 65.1714 64.7023 64.2386 63.7804 63.3278 62.881 62.4401 62.0052 61.5764 61.1538 60.7377 60.328 59.925 59.5287 59.1394 58.7571 58.3819 58.0141 57.6537 57.301 56.9559 56.6187 56.2895 55.9684 55.6556 55.3512 55.0554 54.7682 54.4899 54.2205 53.9602 53.7091 53.4673 53.235 53.0123 52.7993 52.5961 52.4028 52.2196 52.0465 51.8837 51.7311 51.589 51.4575 51.3365 51.2261 51.1265 51.0377 50.9597 50.8926 50.8364 50.7912 50.757 50.7338 50.7217 50.7206 50.7305 50.7515 50.7835 50.8265 50.8805 50.9454 51.0212 51.1079 51.2053 51.3135 51.4324 51.5619 51.7019 51.8523 52.0131 52.1842 52.3654 52.5567 52.7579 52.9689 53.1897 53.4201 53.66 53.9092 54.1677 54.4353 
73.9011 73.3484 72.7994 72.2541 71.7125 71.1749 70.6412 70.1115 69.586 69.0648 68.5479 68.0353 67.5274 67.024 66.5254 66.0316 65.5428 65.059 64.5803 64.107 63.639 63.1766 62.7197 62.2687 61.8234 61.3842 60.9512 60.5243 60.1039 59.69 59.2827 58.8822 58.4887 58.1022 57.7229 57.3509 56.9864 56.6296 56.2805 55.9393 55.6061 55.2812 54.9646 54.6564 54.3569 54.0661 53.7842 53.5114 53.2477 52.9933 52.7483 52.5129 52.2872 52.0713 51.8653 51.6694 51.4836 51.3081 51.1429 50.9882 50.8441 50.7106 50.5879 50.476 50.3749 50.2848 50.2056 50.1375 50.0806 50.0347 50 49.9765 49.9641 49.963 49.9731 49.9944 50.0269 50.0705 50.1253 50.1911 50.268 50.356 50.4549 50.5646 50.6852 50.8166 50.9586 51.1111 51.2742 51.4477 51.6314 51.8253 52.0293 52.2432 52.467 52.7005 52.9435 53.196 53.4579 53.7289 
73.3869 72.8304 72.2775 71.7283 71.1828 70.6412 70.1035 69.5698 69.0403 68.515 67.9939 67.4773 66.9651 66.4576 65.9548 65.4568 64.9637 64.4756 63.9927 63.5151 63.0428 62.576 62.1149 61.6594 61.2099 60.7664 60.3289 59.8978 59.473 59.0547 58.6432 58.2384 57.8405 57.4498 57.0662 56.69 56.3214 55.9604 55.6072 55.2619 54.9247 54.5958 54.2753 53.9633 53.66 53.3655 53.08 52.8035 52.5364 52.2786 52.0304 51.7918 51.563 51.3441 51.1353 50.9366 50.7482 50.5702 50.4027 50.2458 50.0996 49.9641 49.8396 49.726 49.6235 49.532 49.4517 49.3826 49.3247 49.2782 49.243 49.2191 49.2066 49.2055 49.2157 49.2373 49.2703 49.3145 49.3701 49.437 49.515 49.6043 49.7046 49.816 49.9384 50.0716 50.2157 50.3704 50.5358 50.7117 50.8981 51.0947 51.3015 51.5184 51.7452 51.9819 52.2282 52.4841 52.7494 53.0239 
72.8768 72.3165 71.7597 71.2066 70.6571 70.1115 69.5698 69.0321 68.4985 67.969 67.4439 66.9231 66.4067 65.895 65.3879 64.8856 64.3882 63.8959 63.4086 62.9266 62.45 61.9789 61.5133 61.0535 60.5996 60.1516 59.7098 59.2742 58.845 58.4224 58.0064 57.5972 57.195 56.7999 56.412 56.0315 55.6586 55.2934 54.936 54.5866 54.2453 53.9123 53.5878 53.2719 52.9647 52.6664 52.3772 52.0971 51.8264 51.5651 51.3135 51.0717 50.8397 50.6178 50.406 50.2045 50.0134 49.8329 49.6629 49.5037 49.3554 49.218 49.0916 48.9763 48.8722 48.7794 48.6979 48.6277 48.569 48.5217 48.486 48.4617 48.449 48.4479 48.4583 48.4802 48.5137 48.5586 48.6151 48.6829 48.7622 48.8527 48.9546 49.0676 49.1918 49.327 49.4732 49.6302 49.798 49.9765 50.1655 50.3649 50.5746 50.7945 51.0245 51.2644 51.5141 51.7734 52.0422 52.3204 
72.3711 71.8069 71.2462 70.6891 70.1357 69.586 69.0403 68.4985 67.9608 67.4272 66.8978 66.3728 65.8522 65.3362 64.8249 64.3183 63.8165 63.3198 62.8282 62.3418 61.8607 61.3852 60.9152 60.4509 59.9925 59.5401 59.0938 58.6537 58.22 57.7929 57.3725 56.9588 56.5522 56.1527 55.7604 55.3755 54.9983 54.6287 54.267 53.9134 53.5679 53.2308 52.9022 52.5822 52.2711 51.9689 51.6759 51.3921 51.1177 50.8529 50.5979 50.3526 50.1174 49.8924 49.6776 49.4732 49.2793 49.0961 48.9237 48.7622 48.6116 48.4721 48.3439 48.2268 48.1212 48.0269 47.9441 47.8729 47.8133 47.7653 47.729 47.7044 47.6915 47.6903 47.7009 47.7232 47.7571 47.8028 47.8601 47.929 48.0094 48.1014 48.2048 48.3195 48.4456 48.5828 48.7312 48.8905 49.0608 49.2418 49.4336 49.6359 49.8486 50.0716 50.3048 50.548 50.8011 51.064 51.3365 51.6184 
71.8697 71.3016 70.7369 70.1759 69.6184 69.0648 68.515 67.969 67.4272 66.8894 66.3558 65.8266 65.3017 64.7814 64.2657 63.7548 63.2487 62.7475 62.2515 61.7606 61.2751 60.795 60.3205 59.8518 59.3888 58.9318 58.481 58.0364 57.5982 57.1665 56.7415 56.3234 55.9122 55.5082 55.1114 54.7221 54.3404 53.9664 53.6004 53.2424 52.8927 52.5513 52.2185 51.8945 51.5793 51.2731 50.9762 50.6885 50.4104 50.142 49.8834 49.6347 49.3962 49.1679 48.95 48.7427 48.546 48.36 48.1851 48.0211 47.8683 47.7267 47.5964 47.4776 47.3703 47.2746 47.1906 47.1182 47.0577 47.0089 46.9721 46.9471 46.934 46.9328 46.9435 46.9661 47.0006 47.047 47.1052 47.1752 47.2569 47.3502 47.4552 47.5717 47.6997 47.839 47.9896 48.1514 48.3242 48.5079 48.7025 48.9077 49.1235 49.3497 49.5862 49.8329 50.0895 50.356 50.6322 50.9179 
71.3727 70.8007 70.2321 69.667 69.1056 68.5479 67.9939 67.4439 66.8978 66.3558 65.818 65.2845 64.7553 64.2307 63.7106 63.1953 62.6847 62.1791 61.6786 61.1833 60.6932 60.2086 59.7295 59.2562 58.7886 58.3271 57.8716 57.4224 56.9795 56.5432 56.1136 55.6909 55.2751 54.8665 54.4652 54.0713 53.6851 53.3066 52.9361 52.5737 52.2196 51.8739 51.5369 51.2086 50.8893 50.579 50.2781 49.9865 49.7046 49.4324 49.1702 48.918 48.676 48.4444 48.2234 48.0129 47.8133 47.6246 47.447 47.2805 47.1253 46.9816 46.8493 46.7287 46.6197 46.5225 46.4371 46.3636 46.3021 46.2526 46.2151 46.1897 46.1764 46.1752 46.1861 46.2091 46.2441 46.2912 46.3504 46.4214 46.5044 46.5993 46.7059 46.8243 46.9542 47.0957 47.2486 47.4128 47.5882 47.7747 47.9721 48.1804 48.3994 48.6289 48.8688 49.1189 49.3792 49.6494 49.9294 50.219 
70.8803 70.3043 69.7317 69.1627 68.5972 68.0353 67.4773 66.9231 66.3728 65.8266 65.2845 64.7466 64.2131 63.6841 63.1596 62.6398 62.1248 61.6147 61.1097 60.6098 60.1151 59.6259 59.1422 58.6642 58.192 57.7258 57.2657 56.8117 56.3642 55.9232 55.4889 55.0615 54.641 54.2277 53.8217 53.4233 53.0324 52.6494 52.2743 51.9074 51.5488 51.1988 50.8573 50.5247 50.2012 49.8868 49.5817 49.2862 49.0003 48.7243 48.4583 48.2025 47.957 47.722 47.4976 47.2841 47.0814 46.8899 46.7095 46.5405 46.3829 46.2369 46.1025 45.98 45.8693 45.7705 45.6838 45.6091 45.5466 45.4963 45.4582 45.4324 45.4189 45.4177 45.4287 45.4521 45.4877 45.5356 45.5956 45.6679 45.7522 45.8486 45.9569 46.0771 46.2091 46.3528 46.508 46.6748 46.8529 47.0422 47.2427 47.454 47.6763 47.9091 48.1525 48.4063 48.6703 48.9443 49.2282 49.5218 
70.3925 69.8125 69.236 68.6629 68.0933 67.5274 66.9651 66.4067 65.8522 65.3017 64.7553 64.2131 63.6753 63.1418 62.6129 62.0886 61.5691 61.0544 60.5448 60.0403 59.541 59.0471 58.5588 58.0761 57.5992 57.1282 56.6633 56.2046 55.7523 55.3066 54.8675 54.4353 54.01 53.592 53.1813 52.7781 52.3825 51.9948 51.6151 51.2436 50.8805 50.5259 50.18 49.843 49.515 49.1964 48.8871 48.5874 48.2975 48.0176 47.7478 47.4882 47.2391 47.0006 46.7729 46.5561 46.3504 46.1558 45.9727 45.801 45.6409 45.4926 45.3561 45.2316 45.1191 45.0187 44.9306 44.8547 44.7912 44.74 44.7013 44.6751 44.6613 44.6601 44.6713 44.6951 44.7313 44.7799 44.841 44.9144 45.0001 45.098 45.2081 45.3303 45.4644 45.6103 45.7681 45.9374 46.1183 46.3106 46.5141 46.7287 46.9542 47.1906 47.4375 47.695 47.9628 48.2407 48.5287 48.8264 
69.9094 69.3255 68.7449 68.1678 67.5941 67.024 66.4576 65.895 65.3362 64.7814 64.2307 63.6841 63.1418 66.6042 68.9705 68.4417 67.9176 67.3983 66.8841 66.3749 65.8709 65.3723 64.8792 64.3918 63.9101 63.4343 62.9646 62.5011 62.044 61.5934 61.1494 60.7124 60.2823 59.8594 59.4439 59.0358 58.6355 58.243 57.8586 57.4824 51.642 49.8553 49.5049 49.1634 48.831 48.5079 48.1943 47.8905 47.5964 47.3124 47.0387 46.7753 46.5225 46.2804 46.0492 45.8291 45.6201 45.4226 45.2365 45.0621 44.8995 44.7488 44.6101 44.4835 44.3691 44.2671 44.1775 44.1004 44.0358 43.9838 43.9445 43.9178 43.9038 43.9025 43.914 43.9381 43.9749 44.0244 44.0865 44.1611 44.2482 44.3478 44.4596 44.5838 44.7201 44.8684 45.0286 45.2007 45.3844 45.5797 45.7864 46.0043 46.2333 46.4732 46.7239 46.9852 47.2569 47.5388 47.8309 48.1328 
69.4311 68.8432 68.2586 67.6774 67.0996 66.5254 65.9548 65.3879 64.8249 64.2657 63.7106 63.1596 62.6129 68.9705 30058.5 30058 30057.5 30056.9 30056.4 30055.9 30055.4 30054.9 30054.4 30053.9 30053.4 30052.9 30052.5 30052 30051.5 30051.1 30050.6 30050.2 30049.8 30049.3 30048.9 30048.5 30048.1 30047.7 30047.3 30046.9 51.5012 49.1873 48.8321 48.486 48.1491 47.8215 47.5035 47.1953 46.897 46.6089 46.3311 46.0637 45.8071 45.5613 45.3266 45.103 44.8908 44.6901 44.5011 44.3238 44.1586 44.0054 43.8644 43.7357 43.6195 43.5157 43.4246 43.3462 43.2805 43.2276 43.1876 43.1605 43.1463 43.145 43.1566 43.1812 43.2186 43.2689 43.332 43.4079 43.4965 43.5977 43.7115 43.8377 43.9762 44.127 44.2898 44.4647 44.6513 44.8497 45.0596 45.2809 45.5135 45.7571 46.0116 46.2768 46.5525 46.8386 47.1348 47.4411 
68.9578 68.3659 67.7773 67.1919 66.61 66.0316 65.4568 64.8856 64.3183 63.7548 63.1953 62.6398 62.0886 68.4417 30058 30057.5 30056.9 30056.4 30055.9 30055.4 30054.8 30054.3 30053.8 30053.3 30052.8 30052.4 30051.9 30051.4 30050.9 30050.5 30050 30049.6 30049.1 30048.7 30048.3 30047.9 30047.5 30047 30046.7 30046.3 50.8405 48.5217 48.1618 47.811 47.4694 47.1372 46.8147 46.502 46.1994 45.907 45.625 45.3537 45.0931 44.8435 44.6051 44.378 44.1624 43.9584 43.7663 43.5862 43.4182 43.2625 43.1191 42.9883 42.8701 42.7646 42.6719 42.5921 42.5253 42.4715 42.4308 42.4032 42.3887 42.3874 42.3993 42.4242 42.4623 42.5135 42.5777 42.6549 42.745 42.8479 42.9636 43.0919 43.2328 43.3861 43.5516 43.7293 43.9191 44.1206 44.3339 44.5587 44.7949 45.0423 45.3007 45.5699 45.8498 46.1401 46.4407 46.7514 
68.4894 67.8936 67.3009 66.7114 66.1254 65.5428 64.9637 64.3882 63.8165 63.2487 62.6847 62.1248 61.5691 67.9176 30057.5 30056.9 30056.4 30055.9 30055.3 30054.8 30054.3 30053.8 30053.3 30052.8 30052.3 30051.8 30051.3 30050.8 30050.3 30049.9 30049.4 30049 30048.5 30048.1 30047.7 30047.2 30046.8 30046.4 30046 30045.6 50.1826 47.8589 47.4941 47.1384 46.792 46.4551 46.128 45.8108 45.5037 45.2069 44.9206 44.6451 44.3805 44.127 43.8847 43.654 43.4349 43.2276 43.0324 42.8492 42.6784 42.52 42.3743 42.2412 42.1209 42.0136 41.9193 41.8381 41.7702 41.7154 41.674 41.6459 41.6312 41.6299 41.6419 41.6673 41.7061 41.7582 41.8235 41.902 41.9937 42.0984 42.2161 42.3466 42.4899 42.6457 42.8141 42.9948 43.1876 43.3925 43.6092 43.8377 44.0776 44.3289 44.5913 44.8647 45.1488 45.4435 45.7485 46.0637 
68.0262 67.4263 66.8296 66.236 65.6458 65.059 64.4756 63.8959 63.3198 62.7475 62.1791 61.6147 61.0544 67.3983 30056.9 30056.4 30055.9 30055.3 30054.8 30054.3 30053.7 30053.2 30052.7 30052.2 30051.7 30051.2 30050.7 30050.2 30049.7 30049.3 30048.8 30048.4 30047.9 30047.5 30047 30046.6 30046.2 30045.8 30045.4 30045 49.5276 47.1989 46.829 46.4684 46.1171 45.7754 45.4435 45.1216 44.8099 44.5086 44.2179 43.9381 43.6693 43.4118 43.1657 42.9312 42.7085 42.4978 42.2992 42.113 41.9393 41.7782 41.6299 41.4945 41.3721 41.2629 41.1669 41.0843 41.0151 40.9594 40.9172 40.8886 40.8737 40.8723 40.8846 40.9104 40.9499 41.0029 41.0694 41.1493 41.2426 41.3492 41.4689 41.6017 41.7475 41.906 42.0772 42.261 42.4571 42.6654 42.8857 43.1178 43.3616 43.6169 43.8835 44.1611 44.4496 44.7488 45.0584 45.3783 
67.5682 66.9643 66.3635 65.7658 65.1714 64.5803 63.9927 63.4086 62.8282 62.2515 61.6786 61.1097 60.5448 66.8841 30056.4 30055.9 30055.3 30054.8 30054.2 30053.7 30053.2 30052.7 30052.1 30051.6 30051.1 30050.6 30050.1 30049.6 30049.2 30048.7 30048.2 30047.8 30047.3 30046.8 30046.4 30046 30045.5 30045.1 30044.7 30044.3 48.8756 46.5417 46.1667 45.801 45.4447 45.098 44.7612 44.4345 44.1181 43.8122 43.517 43.2328 42.9597 42.698 42.4479 42.2095 41.9831 41.7688 41.5669 41.3775 41.2007 41.0368 40.8859 40.7481 40.6236 40.5124 40.4147 40.3306 40.2602 40.2034 40.1605 40.1314 40.1161 40.1147 40.1272 40.1536 40.1938 40.2477 40.3154 40.3968 40.4918 40.6003 40.7222 40.8573 41.0056 41.1669 41.3411 41.528 41.7275 41.9393 42.1633 42.3993 42.6471 42.9065 43.1773 43.4593 43.7523 44.0561 44.3704 44.6951 
67.1156 66.5076 65.9027 65.3009 64.7023 64.107 63.5151 62.9266 62.3418 61.7606 61.1833 60.6098 60.0403 66.3749 30055.9 30055.4 30054.8 30054.3 30053.7 30053.2 30052.6 30052.1 30051.6 30051.1 30050.6 30050.1 30049.6 30049.1 30048.6 30048.1 30047.6 30047.2 30046.7 30046.2 30045.8 30045.4 30044.9 30044.5 30044.1 30043.7 48.2268 45.8875 45.5073 45.1364 44.775 44.4232 44.0814 43.7497 43.4285 43.1178 42.818 42.5292 42.2517 41.9857 41.7315 41.4891 41.2588 41.0409 40.8355 40.6428 40.4629 40.2961 40.1425 40.0022 39.8754 39.7622 39.6627 39.5771 39.5053 39.4475 39.4038 39.3741 39.3586 39.3572 39.3699 39.3967 39.4377 39.4926 39.5616 39.6445 39.7412 39.8517 39.9758 40.1134 40.2643 40.4285 40.6058 40.7959 40.9988 41.2143 41.4421 41.682 41.9339 42.1976 42.4728 42.7593 43.057 43.3655 43.6847 44.0142 
66.6683 66.0563 65.4473 64.8414 64.2386 63.639 63.0428 62.45 61.8607 61.2751 60.6932 60.1151 59.541 62.9713 65.305 64.7434 64.1862 63.6336 63.0856 62.5425 62.0043 61.4712 60.9433 60.4208 59.9039 59.3926 58.8873 58.3879 57.8948 57.4081 56.928 56.4546 55.9882 55.5289 55.0769 54.6325 54.1959 53.7672 53.3467 52.9346 47.0586 45.2365 44.851 44.4747 44.108 43.751 43.4041 43.0673 42.7411 42.4255 42.1209 41.8275 41.5455 41.275 41.0165 40.77 40.5358 40.3141 40.105 39.9089 39.7258 39.556 39.3996 39.2567 39.1276 39.0123 38.9109 38.8237 38.7506 38.6917 38.6471 38.6169 38.6011 38.5996 38.6126 38.6399 38.6816 38.7377 38.8079 38.8924 38.9909 39.1034 39.2298 39.3699 39.5236 39.6908 39.8712 40.0648 40.2712 40.4904 40.7222 40.9662 41.2224 41.4904 41.7702 42.0613 42.3637 42.6771 43.0012 43.3359 
66.2267 65.6106 64.9975 64.3874 63.7804 63.1766 62.576 61.9789 61.3852 60.795 60.2086 59.6259 59.0471 58.4723 57.9017 57.3352 56.7732 56.2156 55.6626 55.1145 54.5712 54.0329 53.4998 52.9721 52.4499 51.9333 51.4226 50.9179 50.4193 49.9271 49.4415 48.9626 48.4906 48.0257 47.5682 47.1182 46.676 46.2417 45.8156 45.398 44.9889 44.5888 44.1977 43.816 43.4439 43.0816 42.7293 42.3874 42.056 41.7355 41.4259 41.1277 40.841 40.566 40.303 40.0523 39.814 39.5883 39.3756 39.1759 38.9895 38.8165 38.6572 38.5117 38.3801 38.2626 38.1594 38.0704 37.9959 37.9359 37.8905 37.8597 37.8436 37.8421 37.8553 37.8832 37.9257 37.9828 38.0544 38.1404 38.2408 38.3555 38.4843 38.627 38.7836 38.9538 39.1375 39.3346 39.5447 39.7678 40.0036 40.2519 40.5124 40.785 41.0694 41.3654 41.6727 41.9911 42.3203 42.6601 
65.7906 65.1705 64.5533 63.939 63.3278 62.7197 62.1149 61.5133 60.9152 60.3205 59.7295 59.1422 58.5588 57.9792 57.4038 56.8325 56.2655 55.703 55.145 54.5917 54.0433 53.4998 52.9615 52.4285 51.9009 51.379 50.8628 50.3526 49.8486 49.3508 48.8596 48.3751 47.8975 47.4269 46.9637 46.508 46.0601 45.6201 45.1883 44.765 44.3503 43.9445 43.5478 43.1605 42.7828 42.415 42.0574 41.7101 41.3735 41.0477 40.7331 40.4299 40.1383 39.8587 39.5911 39.336 39.0935 38.8638 38.6471 38.4438 38.2539 38.0777 37.9154 37.7671 37.6331 37.5133 37.408 37.3174 37.2414 37.1802 37.1339 37.1025 37.086 37.0845 37.098 37.1264 37.1698 37.228 37.301 37.3887 37.4911 37.608 37.7392 37.8846 38.0442 38.2176 38.4047 38.6054 38.8194 39.0465 39.2865 39.5391 39.8042 40.0814 40.3706 40.6715 40.9839 41.3074 41.6419 41.9871 
65.3603 64.7362 64.1149 63.4965 62.881 62.2687 61.6594 61.0535 60.4509 59.8518 59.2562 58.6642 58.0761 57.4918 56.9115 56.3353 55.7634 55.1959 54.6328 54.0744 53.5208 52.9721 52.4285 51.8901 51.3572 50.8298 50.3081 49.7924 49.2827 48.7794 48.2825 47.7923 47.3089 46.8326 46.3636 45.9021 45.4484 45.0026 44.565 44.1358 43.7153 43.3037 42.9013 42.5082 42.1249 41.7515 41.3883 41.0355 40.6934 40.3624 40.0425 39.7342 39.4377 39.1532 38.8809 38.6212 38.3743 38.1404 37.9198 37.7127 37.5192 37.3397 37.1743 37.0231 36.8864 36.7643 36.657 36.5645 36.487 36.4246 36.3773 36.3453 36.3285 36.327 36.3407 36.3697 36.4139 36.4733 36.5478 36.6373 36.7417 36.8608 36.9946 37.1429 37.3055 37.4822 37.6729 37.8773 38.0952 38.3265 38.5708 38.828 39.0977 39.3798 39.674 39.9799 40.2975 40.6263 40.9662 41.3169 
64.9359 64.3078 63.6823 63.0597 62.4401 61.8234 61.2099 60.5996 59.9925 59.3888 58.7886 58.192 57.5992 57.0101 56.425 55.8439 55.267 54.6944 54.1262 53.5627 53.0039 52.4499 51.9009 51.3572 50.8188 50.2859 49.7587 49.2373 48.722 48.2129 47.7103 47.2142 46.7251 46.2429 45.7681 45.3007 44.841 44.3893 43.9457 43.5106 43.0842 42.6667 42.2583 41.8595 41.4703 41.0911 40.7222 40.3637 40.0161 39.6796 39.3544 39.0408 38.7391 38.4496 38.1725 37.9081 37.6567 37.4184 37.1937 36.9826 36.7854 36.6024 36.4337 36.2796 36.1402 36.0156 35.9061 35.8118 35.7327 35.6691 35.6208 35.5881 35.571 35.5694 35.5835 35.613 35.6582 35.7188 35.7948 35.8861 35.9925 36.1141 36.2505 36.4017 36.5675 36.7477 36.942 37.1503 37.3724 37.608 37.8568 38.1186 38.3932 38.6802 38.9795 39.2907 39.6136 39.9479 40.2933 40.6496 
64.5175 63.8853 63.2558 62.629 62.0052 61.3842 60.7664 60.1516 59.5401 58.9318 58.3271 57.7258 57.1282 56.5343 55.9443 55.3583 54.7764 54.1987 53.6255 53.0567 52.4926 51.9333 51.379 50.8298 50.2859 49.7474 49.2146 48.6875 48.1665 47.6516 47.1431 46.6413 46.1462 45.6581 45.1772 44.7038 44.2381 43.7803 43.3307 42.8896 42.4571 42.0335 41.6191 41.2143 40.8191 40.434 40.0592 39.695 39.3416 38.9995 38.6687 38.3497 38.0427 37.748 37.4659 37.1967 36.9405 36.6978 36.4688 36.2536 36.0526 35.866 35.6939 35.5367 35.3944 35.2674 35.1556 35.0593 34.9786 34.9136 34.8644 34.831 34.8135 34.8119 34.8262 34.8564 34.9025 34.9643 35.0419 35.1351 35.2438 35.3678 35.507 35.6613 35.8304 36.0141 36.2123 36.4246 36.6509 36.8909 37.1444 37.411 37.6906 37.9828 38.2873 38.604 38.9324 39.2723 39.6234 39.9855 
64.1052 63.469 62.8354 62.2045 61.5764 60.9512 60.3289 59.7098 59.0938 58.481 57.8716 57.2657 56.6633 56.0646 55.4697 54.8787 54.2918 53.7091 53.1306 52.5567 51.9873 51.4226 50.8628 50.3081 49.7587 49.2146 49.1762 50.0932 49.5664 49.0457 48.5313 48.0234 47.5223 47.0282 46.5413 46.0618 45.5899 45.126 44.6702 44.2228 43.7842 43.3544 42.9339 42.5228 42.1216 41.7304 41.3496 40.9794 40.6201 40.2721 39.9357 39.6111 39.2986 38.9986 38.7113 38.437 38.176 37.9287 37.6951 37.4758 37.2707 37.0804 36.9048 36.7444 36.5992 36.4695 36.3553 36.257 36.1746 36.1082 36.0579 36.0238 36.006 36.0043 36.019 36.0498 36.0969 36.16 36.2393 36.3344 36.4454 36.572 36.7141 36.8715 37.0441 37.2315 37.4336 37.6501 37.8808 38.1255 38.3837 38.6554 38.9401 37.2876 37.5976 37.9198 38.2539 38.5996 38.9567 39.3247 
63.6991 63.0589 62.4212 61.7861 61.1538 60.5243 59.8978 59.2742 58.6537 58.0364 57.4224 56.8117 56.2046 55.6011 55.0013 54.4054 53.8134 53.2255 52.6419 52.0627 51.4879 50.9179 50.3526 49.7924 49.2373 48.6875 50.0932 30044.6 30044.1 30043.5 30043 30042.5 30042 30041.5 30041 30040.5 30040 30039.6 30039.1 30038.7 30038.2 30037.8 30037.4 30036.9 30036.5 30036.1 30035.7 30035.4 30035 30034.6 30034.3 30034 30033.7 30033.4 30033.1 30032.8 30032.5 30032.3 30032 30031.8 30031.6 30031.4 30031.2 30031.1 30030.9 30030.8 30030.7 30030.6 30030.5 30030.4 30030.4 30030.3 30030.3 30030.3 30030.3 30030.3 30030.4 30030.5 30030.5 30030.6 30030.7 30030.9 30031 30031.2 30031.4 30031.5 30031.8 30032 30032.2 30032.5 30032.7 30033 30033.3 36.8948 36.9105 37.2384 37.5784 37.9301 38.2931 38.6673 
63.2994 62.6551 62.0133 61.3742 60.7377 60.1039 59.473 58.845 58.22 57.5982 56.9795 56.3642 55.7523 55.144 54.5393 53.9383 53.3413 52.7483 52.1595 51.5749 50.9948 50.4193 49.8486 49.2827 48.722 48.1665 49.5664 30044.1 30043.5 30043 30042.5 30042 30041.4 30040.9 30040.4 30039.9 30039.5 30039 30038.5 30038.1 30037.6 30037.2 30036.7 30036.3 30035.9 30035.5 30035.1 30034.7 30034.3 30034 30033.6 30033.3 30033 30032.7 30032.4 30032.1 30031.8 30031.5 30031.3 30031.1 30030.9 30030.7 30030.5 30030.3 30030.2 30030 30029.9 30029.8 30029.7 30029.6 30029.6 30029.6 30029.5 30029.5 30029.6 30029.6 30029.6 30029.7 30029.8 30029.9 30030 30030.1 30030.3 30030.4 30030.6 30030.8 30031 30031.3 30031.5 30031.7 30032 30032.3 30032.6 36.2046 36.226 36.5599 36.906 37.2638 37.6331 38.0135 
62.9061 62.2578 61.612 60.9687 60.328 59.69 59.0547 58.4224 57.7929 57.1665 56.5432 55.9232 55.3066 54.6934 54.0837 53.4778 52.8757 52.2775 51.6835 51.0936 50.5081 49.9271 49.3508 48.7794 48.2129 47.6516 49.0457 30043.5 30043 30042.5 30041.9 30041.4 30040.9 30040.4 30039.9 30039.4 30038.9 30038.4 30037.9 30037.5 30037 30036.5 30036.1 30035.7 30035.3 30034.8 30034.4 30034.1 30033.7 30033.3 30033 30032.6 30032.3 30032 30031.7 30031.4 30031.1 30030.8 30030.6 30030.3 30030.1 30029.9 30029.7 30029.6 30029.4 30029.3 30029.2 30029.1 30029 30028.9 30028.8 30028.8 30028.8 30028.8 30028.8 30028.8 30028.9 30028.9 30029 30029.1 30029.3 30029.4 30029.5 30029.7 30029.9 30030.1 30030.3 30030.5 30030.8 30031 30031.3 30031.6 30031.9 35.517 35.5445 35.8845 36.2368 36.6009 36.9766 37.3635 
62.5193 61.8671 61.2173 60.5699 59.925 59.2827 58.6432 58.0064 57.3725 56.7415 56.1136 55.4889 54.8675 54.2494 53.6349 53.0239 52.4167 51.8134 51.2141 50.6189 50.028 49.4415 48.8596 48.2825 47.7103 47.1431 48.5313 30043 30042.5 30041.9 30041.4 30040.9 30040.3 30039.8 30039.3 30038.8 30038.3 30037.8 30037.3 30036.9 30036.4 30035.9 30035.5 30035 30034.6 30034.2 30033.8 30033.4 30033 30032.6 30032.3 30031.9 30031.6 30031.3 30031 30030.7 30030.4 30030.1 30029.9 30029.6 30029.4 30029.2 30029 30028.8 30028.7 30028.5 30028.4 30028.3 30028.2 30028.1 30028.1 30028 30028 30028 30028 30028.1 30028.1 30028.2 30028.3 30028.4 30028.5 30028.6 30028.8 30029 30029.2 30029.4 30029.6 30029.8 30030.1 30030.3 30030.6 30030.9 30031.2 34.8323 34.8659 35.2123 35.571 35.9416 36.3239 36.7175 
62.1393 61.4831 60.8293 60.1778 59.5287 58.8822 58.2384 57.5972 56.9588 56.3234 55.6909 55.0615 54.4353 53.8124 53.1929 52.5769 51.9646 51.3561 50.7515 50.1509 49.5546 48.9626 48.3751 47.7923 47.2142 46.6413 48.0234 30042.5 30042 30041.4 30040.9 30040.3 30039.8 30039.3 30038.7 30038.2 30037.7 30037.2 30036.7 30036.3 30035.8 30035.3 30034.9 30034.4 30034 30033.6 30033.2 30032.8 30032.4 30032 30031.6 30031.3 30030.9 30030.6 30030.3 30030 30029.7 30029.4 30029.1 30028.9 30028.7 30028.5 30028.3 30028.1 30027.9 30027.8 30027.7 30027.5 30027.5 30027.4 30027.3 30027.3 30027.3 30027.3 30027.3 30027.3 30027.4 30027.4 30027.5 30027.6 30027.8 30027.9 30028.1 30028.2 30028.4 30028.6 30028.9 30029.1 30029.4 30029.6 30029.9 30030.2 30030.5 34.1505 34.1906 34.5435 34.9088 35.2862 35.6753 36.0757 
61.7661 61.106 60.4481 59.7926 59.1394 58.4887 57.8405 57.195 56.5522 55.9122 55.2751 54.641 54.01 53.3823 52.7579 52.1369 51.5195 50.9058 50.2959 49.69 49.0882 48.4906 47.8975 47.3089 46.7251 46.1462 47.5223 30042 30041.4 30040.9 30040.3 30039.8 30039.2 30038.7 30038.2 30037.7 30037.2 30036.7 30036.2 30035.7 30035.2 30034.7 30034.3 30033.8 30033.4 30032.9 30032.5 30032.1 30031.7 30031.3 30031 30030.6 30030.2 30029.9 30029.6 30029.3 30029 30028.7 30028.4 30028.2 30028 30027.7 30027.5 30027.4 30027.2 30027 30026.9 30026.8 30026.7 30026.6 30026.6 30026.5 30026.5 30026.5 30026.5 30026.6 30026.6 30026.7 30026.8 30026.9 30027 30027.2 30027.3 30027.5 30027.7 30027.9 30028.1 30028.4 30028.6 30028.9 30029.2 30029.5 30029.8 33.472 33.5187 33.8783 34.2505 34.6348 35.0308 35.4383 
61.3998 60.7358 60.074 59.4144 58.7571 58.1022 57.4498 56.7999 56.1527 55.5082 54.8665 54.2277 53.592 52.9594 52.3301 51.7041 51.0815 50.4626 49.8475 49.2362 48.6289 48.0257 47.4269 46.8326 46.2429 45.6581 47.0282 30041.5 30040.9 30040.4 30039.8 30039.3 30038.7 30038.2 30037.6 30037.1 30036.6 30036.1 30035.6 30035.1 30034.6 30034.1 30033.7 30033.2 30032.8 30032.3 30031.9 30031.5 30031.1 30030.7 30030.3 30029.9 30029.6 30029.2 30028.9 30028.6 30028.3 30028 30027.7 30027.5 30027.2 30027 30026.8 30026.6 30026.4 30026.3 30026.2 30026 30026 30025.9 30025.8 30025.8 30025.8 30025.8 30025.8 30025.8 30025.9 30025.9 30026 30026.1 30026.3 30026.4 30026.6 30026.8 30027 30027.2 30027.4 30027.7 30027.9 30028.2 30028.5 30028.8 30029.2 32.7967 32.8503 33.2169 33.5962 33.9876 34.3909 34.8055 
61.0406 60.3727 59.7069 59.0433 58.3819 57.7229 57.0662 56.412 55.7604 55.1114 54.4652 53.8217 53.1813 52.5439 51.9096 51.2786 50.651 50.0269 49.4064 48.7897 48.1769 47.5682 46.9637 46.3636 45.7681 45.1772 44.5913 44.0104 43.4349 42.8649 42.3005 41.7421 41.1899 40.6441 40.105 39.5729 39.0479 38.5304 38.0208 37.5192 37.0261 36.5417 36.0664 35.6006 35.1446 34.6987 34.2634 33.8391 33.4261 33.0249 32.6359 32.2595 31.8962 31.5463 31.2103 30.8887 30.5819 30.2903 30.0143 29.7544 29.5109 29.2843 29.075 28.8832 28.7094 28.5538 28.4168 28.2986 28.1993 28.1193 28.0587 28.0175 27.996 27.994 28.0117 28.0489 28.1056 28.1818 28.2772 28.3916 28.5249 28.6768 28.847 29.0352 29.2411 29.4643 30026.7 30027 30027.2 30027.5 30027.8 30028.1 30028.5 32.1251 32.1858 32.5596 32.9461 33.3449 33.7556 34.1777 
60.6886 60.0169 59.3472 58.6796 58.0141 57.3509 56.69 56.0315 55.3755 54.7221 54.0713 53.4233 52.7781 52.1358 51.4966 50.8606 50.2279 49.5986 48.9729 48.3508 47.7325 47.1182 46.508 45.9021 45.3007 44.7038 44.1118 43.5247 42.9428 42.3664 41.7955 41.2305 40.6715 40.1189 39.5729 39.0337 38.5016 37.9769 37.46 36.9511 36.4505 35.9586 35.4758 35.0024 34.5387 34.0852 33.6423 33.2103 32.7897 32.3809 31.9844 31.6005 31.2298 30.8726 30.5296 30.201 29.8874 29.5892 29.3069 29.0409 28.7917 28.5596 28.3451 28.1486 27.9704 27.8109 27.6703 27.549 27.4472 27.3651 27.3029 27.2606 27.2385 27.2365 27.2546 27.2928 27.3511 27.4292 27.5271 27.6445 27.7813 27.937 28.1115 28.3044 28.5153 28.7439 30026 30026.3 30026.5 30026.8 30027.1 30027.5 30027.8 31.4572 31.5253 31.9066 32.3006 32.707 33.1252 33.555 
60.3438 59.6683 58.9948 58.3232 57.6537 56.9864 56.3214 55.6586 54.9983 54.3404 53.6851 53.0324 52.3825 51.7355 51.0914 50.4504 49.8126 49.1781 48.5471 47.9196 47.2959 46.676 46.0601 45.4484 44.841 44.2381 43.6399 43.0466 42.4584 41.8754 41.298 40.7263 40.1605 39.601 39.0479 38.5016 37.9623 37.4303 36.906 36.3895 35.8814 35.3819 34.8914 34.4102 33.9387 33.4774 33.0266 32.5868 32.1583 31.7417 31.3374 30.9458 30.5675 30.2028 29.8523 29.5165 29.1959 28.8909 28.6019 28.3296 28.0743 27.8366 27.6167 27.4152 27.2324 27.0687 26.9245 26.8 26.6954 26.6111 26.5471 26.5038 26.481 26.4789 26.4976 26.5368 26.5967 26.6769 26.7774 26.898 27.0383 27.1982 27.3771 27.5749 27.7912 28.0254 30025.3 30025.5 30025.8 30026.1 30026.5 30026.8 30027.1 30.7934 30.8691 31.258 31.6598 32.074 32.5001 32.9377 
60.0065 59.3273 58.6499 57.9744 57.301 56.6296 55.9604 55.2934 54.6287 53.9664 53.3066 52.6494 51.9948 51.343 50.6941 50.0481 49.4053 48.7656 48.1293 47.4965 46.8672 46.2417 45.6201 45.0026 44.3893 43.7803 43.176 42.5764 41.9818 41.3923 40.8082 40.2297 39.6571 39.0906 38.5304 37.9769 37.4303 36.8909 36.359 35.835 35.3192 34.8119 34.3135 33.8244 33.3449 32.8756 32.4167 31.9688 31.5323 31.1076 30.6953 30.2957 29.9095 29.537 29.1789 28.8356 28.5076 28.1954 27.8996 27.6207 27.3591 27.1153 26.8898 26.6831 26.4955 26.3274 26.1793 26.0513 25.9439 25.8572 25.7915 25.7469 25.7235 25.7214 25.7405 25.7809 25.8424 25.9249 26.0282 26.1521 26.2962 26.4603 26.644 26.847 27.0687 27.3089 30024.6 30024.8 30025.1 30025.4 30025.8 30026.1 30026.5 30.1339 30.2174 30.6143 31.0241 31.4464 31.8806 32.3262 
59.6768 58.9938 58.3126 57.6333 56.9559 56.2805 55.6072 54.936 54.267 53.6004 52.9361 52.2743 51.6151 50.9586 50.3048 49.6539 49.006 48.3612 47.7196 47.0814 46.4467 45.8156 45.1883 44.565 43.9457 43.3307 42.7202 42.1143 41.5133 40.9172 40.3265 39.7412 39.1617 38.5881 38.0208 37.46 36.906 36.359 35.8195 35.2878 34.7641 34.2489 33.7425 33.2452 32.7576 32.2801 31.813 31.3568 30.9119 30.479 30.0583 29.6505 29.2561 28.8756 28.5095 28.1584 27.8228 27.5032 27.2002 26.9143 26.6461 26.396 26.1646 25.9524 25.7597 25.587 25.4347 25.3032 25.1928 25.1036 25.036 24.9901 24.9661 24.9639 24.9836 25.0251 25.0884 25.1732 25.2794 25.4068 25.5549 25.7235 25.9122 26.1206 26.3482 26.5946 30023.9 30024.1 30024.4 30024.8 30025.1 30025.4 30025.8 29.4789 29.5706 29.9757 30.3938 30.8244 31.2669 31.7208 
59.3547 58.6681 57.9831 57.3 56.6187 55.9393 55.2619 54.5866 53.9134 53.2424 52.5737 51.9074 51.2436 50.5824 49.9238 49.268 48.6151 47.9651 47.3183 46.6748 46.0346 45.398 44.765 44.1358 43.5106 42.8896 42.2728 41.6606 41.0531 40.4505 39.8531 39.261 38.6745 38.0938 37.5192 36.9511 36.3895 35.835 35.2878 34.7482 34.2165 33.6932 33.1786 32.6732 32.1772 31.6912 31.2156 30.7509 30.2976 29.856 29.4269 29.0106 28.6077 28.2188 27.8445 27.4852 27.1416 26.8143 26.5038 26.2106 25.9355 25.6788 25.4412 25.2231 25.0251 24.8476 24.691 24.5557 24.442 24.3502 24.2806 24.2334 24.2086 24.2063 24.2266 24.2694 24.3345 24.4219 24.5312 24.6622 24.8146 24.9879 25.1819 25.396 25.6297 25.8826 30023.2 30023.4 30023.8 30024.1 30024.4 30024.8 30025.1 28.8288 28.9289 29.3426 29.7692 30.2083 30.6593 31.1218 
59.0405 58.3502 57.6615 56.9746 56.2895 55.6061 54.9247 54.2453 53.5679 52.8927 52.2196 51.5488 50.8805 50.2145 49.5512 48.8905 48.2326 47.5776 46.9256 46.2768 45.6311 44.9889 44.3503 43.7153 43.0842 42.4571 41.8342 41.2156 40.6017 39.9925 39.3883 38.7893 38.1958 37.608 37.0261 36.4505 35.8814 35.3192 34.7641 34.2165 33.6768 33.1453 32.6224 32.1085 31.604 31.1094 30.6251 30.1517 29.6895 29.2392 28.8012 28.3762 27.9645 27.567 27.184 26.8163 26.4644 26.129 25.8106 25.5099 25.2275 24.9639 24.7197 24.4955 24.2919 24.1092 23.948 23.8087 23.6916 23.5971 23.5254 23.4767 23.4512 23.4488 23.4697 23.5138 23.5809 23.6709 23.7835 23.9184 24.0752 24.2537 24.4532 24.6733 24.9135 25.1732 30022.5 30022.7 30023.1 30023.4 30023.7 30024.1 30024.5 28.1839 28.2927 28.7152 29.1506 29.5985 30.0583 30.5296 
58.7341 58.0403 57.348 56.6573 55.9684 55.2812 54.5958 53.9123 53.2308 52.5513 51.8739 51.1988 50.5259 49.8553 49.1873 48.5217 47.8589 47.1989 46.5417 45.8875 45.2365 44.5888 43.9445 43.3037 42.6667 42.0335 41.4044 40.7795 40.1591 39.5433 38.9324 38.3265 37.7259 37.1309 36.5417 35.9586 35.3819 34.8119 34.2489 33.6932 33.1453 32.6054 32.074 31.5515 31.0384 30.535 30.0418 29.5594 29.0882 28.6288 28.1818 27.7476 27.327 26.9204 26.5286 26.1521 25.7915 25.4476 25.121 24.8124 24.5223 24.2514 24.0004 23.7697 23.5601 23.372 23.206 23.0624 22.9417 22.8442 22.7703 22.7201 22.6937 22.6913 22.7129 22.7583 22.8276 22.9203 23.0364 23.1754 23.337 23.5208 23.7261 23.9526 24.1996 24.4665 30021.8 30022.1 30022.4 30022.7 30023.1 30023.5 30023.8 27.5445 27.6624 28.0939 28.5384 28.9954 29.4643 29.9445 
58.4358 57.7385 57.0426 56.3483 55.6556 54.9646 54.2753 53.5878 52.9022 52.2185 51.5369 50.8573 50.18 49.5049 48.8321 48.1618 47.4941 46.829 46.1667 45.5073 44.851 44.1977 43.5478 42.9013 42.2583 41.6191 40.9839 40.3527 39.7258 39.1034 38.4857 37.8729 37.2653 36.663 36.0664 35.4758 34.8914 34.3135 33.7425 33.1786 32.6224 32.074 31.534 31.0028 30.4808 29.9684 29.4661 28.9745 28.4941 28.0254 27.569 27.1254 26.6954 26.2795 25.8784 25.4927 25.1232 24.7705 24.4353 24.1183 23.8201 23.5416 23.2833 23.0459 22.8299 22.6361 22.4649 22.3168 22.1923 22.0917 22.0153 21.9635 21.9363 21.9338 21.9561 22.003 22.0745 22.1702 22.29 22.4334 22.6 22.7894 23.0009 23.2341 23.4883 23.7629 30021.1 30021.4 30021.7 30022.1 30022.4 30022.8 30023.2 26.9111 27.0383 27.4792 27.9331 28.3994 28.8775 29.3669 
58.1457 57.4449 56.7455 56.0476 55.3512 54.6564 53.9633 53.2719 52.5822 51.8945 51.2086 50.5247 49.843 49.1634 48.486 47.811 47.1384 46.4684 45.801 45.1364 44.4747 43.816 43.1605 42.5082 41.8595 41.2143 40.5728 39.9354 39.302 38.673 38.0485 37.4288 36.8141 36.2046 35.6006 35.0024 34.4102 33.8244 33.2452 32.6732 32.1085 31.5515 31.0028 30.4627 29.9316 29.41 28.8985 28.3975 27.9075 27.4292 26.9632 26.51 26.0702 25.6447 25.234 24.8388 24.4598 24.0979 23.7537 23.4279 23.1213 22.8347 22.5687 22.3241 22.1015 21.9016 21.7249 21.572 21.4434 21.3395 21.2606 21.207 21.1788 21.1763 21.1993 21.2478 21.3217 21.4206 21.5443 21.6924 21.8644 22.0597 22.2778 22.5181 22.7798 23.0624 30020.4 30020.7 30021 30021.4 30021.8 30022.2 30022.6 26.284 26.4209 26.8715 27.335 27.8109 28.2986 28.7974 
57.8638 57.1596 56.4568 55.7553 55.0554 54.3569 53.66 52.9647 52.2711 51.5793 50.8893 50.2012 49.515 48.831 48.1491 47.4694 46.792 46.1171 45.4447 44.775 44.108 43.4439 42.7828 42.1249 41.4703 40.8191 40.1716 39.5278 38.8881 38.2525 37.6212 36.9946 36.3728 35.756 35.1446 34.5387 33.9387 33.3449 32.7576 32.1772 31.604 31.0384 30.4808 29.9316 29.3913 28.8604 28.3393 27.8287 27.329 26.8408 26.3649 25.9017 25.4519 25.0164 24.5957 24.1906 23.8018 23.4302 23.0766 22.7416 22.4262 22.131 21.8569 21.6047 21.375 21.1686 20.9861 20.8281 20.6951 20.5876 20.506 20.4505 20.4214 20.4188 20.4426 20.4928 20.5692 20.6716 20.7995 20.9525 21.1302 21.3319 21.5569 21.8047 22.0745 22.3655 30019.7 30020 30020.4 30020.7 30021.1 30021.5 30021.9 25.6637 25.8106 26.2712 26.7447 27.2304 27.7278 28.2363 
57.5904 56.8829 56.1766 55.4717 54.7682 54.0661 53.3655 52.6664 51.9689 51.2731 50.579 49.8868 49.1964 48.5079 47.8215 47.1372 46.4551 45.7754 45.098 44.4232 43.751 43.0816 42.415 41.7515 41.0911 40.434 39.7804 39.1304 38.4843 37.8421 37.2041 36.5706 35.9416 35.3176 34.6987 34.0852 33.4774 32.8756 32.2801 31.6912 31.1094 30.535 29.9684 29.41 28.8604 28.3199 27.7892 27.2687 26.759 26.2607 25.7745 25.3011 24.841 24.395 23.964 23.5485 23.1496 22.7679 22.4043 22.0597 21.7349 21.4308 21.1481 20.8878 20.6506 20.4373 20.2486 20.0851 19.9475 19.8362 19.7517 19.6942 19.664 19.6613 19.686 19.738 19.8171 19.9231 20.0555 20.2139 20.3976 20.606 20.8385 21.0942 21.3725 21.6724 30019 30019.3 30019.7 30020.1 30020.5 30020.9 30021.3 25.0506 25.2079 25.6788 26.1625 26.6584 27.1659 27.6842 
57.3255 56.6147 55.9052 55.1969 54.4899 53.7842 53.08 52.3772 51.6759 50.9762 50.2781 49.5817 48.8871 48.1943 47.5035 46.8147 46.128 45.4435 44.7612 44.0814 43.4041 42.7293 42.0574 41.3883 40.7222 40.0592 39.3996 38.7434 38.0909 37.4422 36.7975 36.1571 35.5211 34.8898 34.2634 33.6423 33.0266 32.4167 31.813 31.3463 37.5251 36.9418 36.3661 35.7985 35.2393 34.6892 34.1485 26.718 26.1981 25.6895 25.1928 24.7087 24.2379 23.7812 23.3394 22.9132 22.5036 22.1114 21.7374 21.3826 21.048 20.7343 20.4426 20.1737 19.9285 19.7079 19.5126 19.3432 19.2006 19.0852 18.9975 18.9379 18.9066 18.9038 18.9294 18.9834 19.0655 19.1753 19.3126 19.4766 19.6668 19.8824 20.1228 20.387 20.6742 20.9835 30018.3 30018.7 30019 30019.4 30019.8 30020.3 30020.7 24.4454 24.6134 25.0949 25.5891 26.0954 26.6131 27.1416 
57.0692 56.3553 55.6425 54.9309 54.2205 53.5114 52.8035 52.0971 51.3921 50.6885 49.9865 49.2862 48.5874 47.8905 47.1953 46.502 45.8108 45.1216 44.4345 43.7497 43.0673 42.3874 41.7101 41.0355 40.3637 39.695 39.0294 38.3671 37.7083 37.0531 36.4017 35.7545 35.1114 34.4729 33.8391 33.2103 32.5868 31.9688 31.3568 31.0509 30027.2 30026.6 30026 30025.4 30024.8 30024.3 30023.7 26.1772 25.6468 25.1276 24.6201 24.1251 23.6433 23.1754 22.7225 22.2851 21.8644 21.4611 21.0763 20.7108 20.3657 20.0421 19.7407 19.4627 19.209 18.9805 18.7781 18.6025 18.4545 18.3348 18.2437 18.1818 18.1493 18.1463 18.1729 18.229 18.3142 18.4283 18.5707 18.7408 18.9379 19.1613 19.41 19.6832 19.98 20.2993 30017.6 30018 30018.4 30018.8 30019.2 30019.6 30020.1 23.8485 24.0276 24.5201 25.0251 25.5421 26.0702 26.609 
56.8216 56.1046 55.3887 54.6739 53.9602 53.2477 52.5364 51.8264 51.1177 50.4104 49.7046 49.0003 48.2975 47.5964 46.897 46.1994 45.5037 44.8099 44.1181 43.4285 42.7411 42.056 41.3735 40.6934 40.0161 39.3416 38.6701 38.0018 37.3367 36.6751 36.0172 35.3631 34.7131 34.0673 33.4261 32.7897 32.1583 31.5323 30.9119 30.5976 30026.7 30026.1 30025.5 30024.9 30024.3 30023.8 30023.2 25.6468 25.1058 24.5757 24.0571 23.5509 23.0577 22.5784 22.1138 21.6649 21.2325 20.8177 20.4214 20.0448 19.6887 19.3544 19.0429 18.7552 18.4924 18.2555 18.0454 17.8631 17.7094 17.5849 17.4902 17.4257 17.3919 17.3888 17.4165 17.4748 17.5635 17.6821 17.8301 18.0067 18.2113 18.4429 18.7006 18.9834 19.2902 19.6201 30017 30017.3 30017.7 30018.1 30018.6 30019 30019.5 23.2607 23.4512 23.9549 24.471 24.9989 25.5378 26.087 
56.583 55.863 55.144 54.426 53.7091 52.9933 52.2786 51.5651 50.8529 50.142 49.4324 48.7243 48.0176 47.3124 46.6089 45.907 45.2069 44.5086 43.8122 43.1178 42.4255 41.7355 41.0477 40.3624 39.6796 38.9995 38.3221 37.6478 36.9766 36.3086 35.6442 34.9834 34.3264 33.6735 33.0249 32.3809 31.7417 31.1076 30.479 30.156 30026.2 30025.6 30025 30024.4 30023.8 30023.3 30022.7 25.1276 24.5757 24.0344 23.5045 22.9867 22.4818 21.9907 21.5141 21.0531 20.6087 20.1818 19.7735 19.385 19.0174 18.6718 18.3494 18.0514 17.7789 17.533 17.3148 17.1252 16.9652 16.8356 16.737 16.6698 16.6346 16.6314 16.6602 16.721 16.8134 16.9369 17.0908 17.2745 17.4871 17.7275 17.9948 18.2878 18.6054 18.9465 30016.3 30016.7 30017.1 30017.5 30018 30018.4 30018.9 22.6825 22.8847 23.4 23.9275 24.4665 25.0164 25.5763 
